834.082 663.313
813.407 837.828
730.776 850.294
853.571 1023.29
1151.49 1135.4
966.185 809.495
1114.82 751.609
1313.94 533.788
868.293 1211.38
802.307 1229.35
862.1 965.174
937.151 1388.59
934.087 1197.46
1184.66 1143.27
-inf -inf

825.808 661.034
809.736 835.99
734.42 850.81
837.981 1012.79
1183.62 1146.77
962.981 795.085
1086.73 640.451
1197.09 388.257
843.219 1202.74
778.723 1208.24
744.331 945.922
839.176 1308.75
906.268 1198.13
1118.75 1112.56
-inf -inf

832.937 662.827
815.633 840.347
733.663 855.849
851.51 1025.31
1192.5 1147.09
965.684 813.716
1132.93 803.226
1369.08 651.052
884.082 1225.61
815.641 1242.71
760.204 933.761
870.952 1362.36
950.131 1209.86
1101.47 1089.88
-inf -inf

